rnnnx vannorum. 159

ww. mmmmmmmm

¹ 11111 223. 261. 281. 292. 306. 318. 633. '

1

417. 426. 431. 486. 492. 592. minus, minime 35. 333. 375. 654. 688.

longinquus 302. miser 68. 151. 160. 209. 211. 213.
longus 79. 438. “ 243. 277. 314. 315. 338. 340. 365.
loqui 127, 263281. 314. 554. 684. 372. 413. 420. 432. 438. 451, 454.
687. 504. 517. 518. 519. 522. 526. 546.
1111111307. 549. 555. 559. 560. 562. 564. 613.
lucmm 135. 297. 668. (659).

ι ludere 30. 382.· misereri 170329.

111111 602. 1111111114, 193. 244.

’ misericors 206. (358). 367, 475. (659)·
macula 275. misericordia 77. 312. 417. 518.
mage *323. 1348. Ι1650. mittere 321.
magis 39. 393. samuel. 309. monere 568.
magnus, maior, maximus 59. 61. 251. mora 128. 149. 311. 349. 570.

ᾗ 326. 346. 390. 401. 498. 578. 594. morari *478
624. 633. mori 23. 50. 74. 82. 155. 205. 215.

maledictum 126. 186. 223. 331. 363. 296. 313. 319. 321. 356. 385. 420.

’ malignus 309. 482. 537. 616.

1

mmmmmm. mmmmmmmm.
malivolus 186. 337, 341. 360. 364. 374. 430. 433. 504. 613.
fflfflmmmmmmffimm

4 339. 366. 523. 633. muliebris 343.
ἵ malum subet. 79. 198. 253. 553. 560, 11111116. 20. 335. 340.

596. 607. multo 53. [143]. 162, *457
malus 20. 26. 47. 49. 54. 80. 135. multus 13. 110. 164. 210. 212. 229.

ἱ 312. 316. 317. 324. 325. 327. 328. 236. 310. 326. 360. 351. 356. 371.
’ 345. 347. 354. 361. 362. 374. 376. 408. 487. 609. 632.

430. 461. 543. 557. 1111111321. (358).
mancipium 471. , mutare 176. 334. 362. 370. 379.

manifestus 355. mutus 169. 457. (669).

¹ mansuescere 373.
3 11111600. · nasci 296. 323. 370. 453. 548. 634.

matrona 93. natura 187. 327. 328. 337. 387. 450.
maturus 396. 643. 652.

’ medicina 327. 342. 463. naufragium 264.

medicus 89. 332. ne 127. 218. 261.

1 meditari 558. 111 177. 411. 433. 451. 504. 667. ¹
melior 33. necare 109. 463. 673.
r 11111195. 385. 579. 641. necesse (111) 319. 390, 551.

meminisse 206. 444. 502. 588. necessitas 374. 399. 403. 404. 407.

³ memor 467. 409. 418, 419. 425. 428. 434. -
¹ memoria 75. 365. 497. 624. negare 88. 333. 386. 415. 428. 469.

mendacium 130186. 636. 533. 595.
mendax 247. 407. neglegere 1468. 565.

s mens (670). negotium 547.
' mensa (670). nemo 35. 49. 91. 182, 191. 253. 420.

mentiri 13. 147. 426. 460. 653. 687.

³ meretrix 353. (358). Neptunus 264.
1111111537. neque . . . neque 99.
, metuere 111111. (359). 414. (503). nequeo 467.

596. 598. 607. 620. nequior 33.
metus 270. 318. 344. 357. 364. 631. nescire 46. 138. 348. 375. 382. 400.

.m mmmmffiwm

ni ⁸72. 414. 431.
. nihil 307. 428.

 

