l

1116611 vassorum. 163

412, 472, 476, 611, 668, 681691. 317, 321. 330. 332. 334. 346, 364,
. 694. 696, 602. 607. 620, 637. 368, 406. 416. 421. 464. 466. 473.
l senecta 186. *476 483, 637, 646, 666, 660, 662.
³ senex 29. 36, 1603601126, 684, 691, 601. 604. 614. 616, 619.

666161664, 664. 672,

6666116690. 661666 638.

sententia 197. 366. 6661616 6,

6661116 67, summittere 699, ’

sepulcrum 155. 626. 66611666 339. 424. 426. 431, 648.

sequi 602, 617, superare 151. 177. 261. 678, 681.

1161616492, superbus 94, (669).

6616 626. superior 230, (660), (661). 681.

serpere 461, supplex *666 682.

66166 360, 661, supplicare (660). (661).

servare 166, 408. 431, 613. 631. 677. supplicium 601,

661611641, (213), 219. 373, 442. 644. suspicari 16.

664. suspicax 679.

servitus 11. 227, 490, (683), 666ρί616 7. 619680.

servus 322, sustinere 72, 626,

61 8. 10, 44. 70, 1081120303346, 66116 14. 66, 160, 169. 204. 214, 216·

376. 378. 469, 666. 698. 666, (069). 267, 316. 337. 398. 466. 648, 699.

(685), 602. 603. 606, 677.

6166139. 181. ·

silentium (669). tacere 262. 314. 695.

simul: simulac (141), taciturnitas 627.

simulare 317, 368. tacitus 248, 443, 660. 680.

6166 166, 218. 297. 329, 383, *460 1611381684618.

464, 647. 606, 683, (690). temen 347, 664.

616616 177. 16616 (u. quanto) 33. 661, 678.

socius 618. 161116 (686).

661616 263. 306. 344. 406. 667, 693, tegere 496. ,

609, 617. 1616111161404, x

sollicitudo 34. temeritas 693.

66166 335. 408. temptare 371.

somniare 16. 16611166 43, 219, 482. 606.

somnus 318. tenebrae 69.

spectare 610. 166616 267, 419, 644. 663. 699. (690).

61161616 263. 607. 161616 *468

spes (*464). 686. 613. 1611166 6.

spina 610, 166116 671.

splendere 189. thesaurus 626.

splendor 69, 1116616 97, 137. 266. 3223381180,

6116116646, ’ 413, 426. 607, 624. 640. 642, 662.

statuere 132. 666, 671. 689, 698. 634.

61166666 7 , timidus 462.

61611616 671. timor 494. 612. 691,

6161111111 (102). 180. 278. (392), 623. 1611616 604.

6161166 41, 80, 107. 173. 406, 632. tormentum 211. 440. 448,

689. 603. 608. 611, 612Ι 627, 16116116 216. -

suadere 636, 686, tradere 473.

sub 198, 221, 301. · transferre 634,

subesse 263, 11666116 647.

sublevare 424, 1116116 7. (666).

subprimere 63. 16, 161, 11111, 16 241, 427. 612. *tra

successus 617, 630. 555. 666, 688.

succumbere 219462. 1616 20. 189, 273,

661, sibi, se, se 13. 68, 64110168, 1666 229. 317, 694.

166, 177, 206, 234, 260. 273. 306, turba 436.

11*

 

