164 1111111 1111101111.

1111111283, 388. 423. , vendere 48.
turpiter 479. 561. venenum 214.
turpitudo 76. 207, venire 72. 92. 137. 167. 185. 318.
1111111362. 91. 116, 128. 205. (359). 368. 461, 487, 558. 674.
373. *381 431472. 496. 686. Venus 56. 276.
tuus 10. 474, 608, 035. 1111111268,

verber 284,
ubi 21, 788138129155.184213. verbum 61. 559, 563, 642.
258. 285. 289. 291, 317. 327. 364, vereri 3. 299.
365. 365. 389. 432, 440. 441. 442. veritas 416, 684.
444. 495. 526. 549. 555. 585. 595. veru ⁸638.
608. 629. 631. 633, 634, 635. 639. verus 308, 523. 636.
644. (676). 686. 687. 692, ves01337.
ubicumque 637. vestigium 290,
ulcisci 231, 476, 528. 603. 611. 673. vetus 293. 445.
(686). via 104· 617.
ultra 179. vicinus 611.
ultro 44. victoria 64, 289. 366. 575. 606. 647.
1111011159. . videre 15, 191, 263. 304, 452, 533.
1111111111111182428. - 646, (661). (669).
11110345. ¹ vigilare 16,
unde 171. 181. vincere 64, 95, 125. 151. 251, 324,
universus 296. 485. 364, 366, 383, 398, 425, 499. 500.
unus 159. 243. 310. 363. 458. 535. 549. 569. 654.
632. 686. vindicare 76. 254, 285. 394, 525.
urere 307, vir 36. 74. (84), 93. 324. 356. 371.
1111111624. 643. 651. (685), ’ .
111 40. 49. 122, 125. 188, 190, 224. virtus 136, 266. 3884024116. 538,
307, 368. 370, 524, 539. 558. 577, 641. 646, 647. 648. 653. 682. 691.
(689). (690). , vis 121, 142. 521, 540, 569. 599. *692
uterque 649. vita 54. 79. 90. 105. 134. 220, 231,
uti 500, 244, 411, 438. 547. 631. 688.
utique (663). vitare 249.
utile 222, 404. vitium 10. 85. 98. 150514. 541.
utilis 128. 471. 638. vitreus 189.

vivere 26, 82. 212. 329, 330. 372.
valere 17. 192. 269. 291. 348. 692. 385, 464, 537.
1111101389. vix 22. 121. 520. *521
varietas 239. vocare 146. 241. 316.
vehiculum 104, voluntas *640

” velle 82, 106. 108. 310, 336, (369). 1011151111325.365.436,521.630.650.
361. 403. 451, 508. 519. 529, 533. votum 477. ·
572. 574. 577. 598. 603. 611, 612, 1101142211, 284.
616. 677, vulnus 31. 118, 606.
· 1111111474. 11111113011492, 647, 652,

 

