INDEX vultuosum.

conspicere (659). 65511555 (662).
5555155115 405. decipere 333. 565.
consuescere 325. 580. 65551515 226.
5555551565 45. 201, decrescere 129.
consuetus 85. deesse 151. 229. 236. 594. *628
consumere 559. defendere 421. 555. 686.
contemnere 02. (102). 364424. 556. deficere 386.

555155155 183. 6515 586.

5511115515 553. 6511551515 128. 132. 139. 140. 523.
contingere 521. deliciae 36.
contre 107. 121. 582. 587. 655. delictum 394. 468.

555155515111111 (659). delinquere 283.

5551515511599. 240. 244. 353. 374. 6511155115 276.

convenire 145. 287.· 651555120.

corpus 143. 204. 481. 640. denegare 158. 653. (660).
corrigere 391.·489. 586. (689). deponere 534.

cotidie 97. 103. 6511551545.

creber 223. desiderare 635.

5156515 27. 120. 146261. 567. 641, desiderium 149.

creditor 533. desperare 187.

crescere 129. deterere (468).

crimen 29. 68, 105. 133. 202. 252. deterior 103.

281. 346. 421. 429. 470. dens 22. 121. (146). 341. (480). (632).
criminosus 254. (676).

51565115 86. 89. 109. 114. 466. 477. 615515 58. 126262. (372). 505.
5156511155 682. 6155 103. 123. 137. 260. 382. *480
culpe 238. 303. 435. 535. 543. 608. *632 ’

618. 656. - difficilis 133. 145. 188. 203. 415. 446.
culpare 176. 636.

5515 praep. 12. 91. 135. 145. 184. 332. dignitas 292.

346. 538. 635. (600). dignus 55. 78. 441.

5515 condrensi. 20. 23. 30. 52. 71. 82. diligentia 349.

92. 98. 115. 116.117.122.124.126. diligere 557. 623.

146. 167. 185. 189. 202. 204. 229, 6115161515 282. ,

232. 233. 241. 257. 272. 273. 308, dimittere 87. 138. 459.

318. 335, 361. 387. 400. 448. 461. dinoscere (661).

468. 502. 506. 523, 529. 552, 560. discere 130. 139. 213. 502. 633.
563. 587· 594. 606. 617. 646. 654, discipulus 123.

658. (666). (*661). 664. (669). 615551615131.

cunctus 126. 301. 314. disertus ³684.

cupere 15. 286. 351. *351. 504. dissimulare 510.

cupiditas 154. 237. 302. 333. 508. diu 26· 125· 212. 249. 389. 572.
(676). (690). diuturnitas 422.
51115 688. dives 644.

custodie 203. 61111155 237. 456. .
5115156115 326. ((1155515 66. (213). 309. 453. 524.
5515 544.

damnare 97. 124. 142. 257. 260. 614. doctor 328.

639. 679. 655155 110. 255. .

damnum 25 135. 274. 297. 668. 651515 25. 27. 506.

dere 46. 55. 58. 60. 65. 71. 78. 88. 65151· 81. 06. 129. 143. 145. 147. 211.
122. 157. 235. 290, 295. 308. 321. 218. 268. 294. 457. 463. 495. 559.
352. 399. 409. 493. 530. 536. 592, . 600.

630. (666). domare 301. 422, (661).

65 127. 163. 209. 384. 429. 557. 608. 1151515511 213.

dee 153. dominatus 544.

nmmmmmffllmmmffiffl·⁶
decere 157. 508. domus 155. ·

 

