15651151151515, .

in Publilii Syri sententias.

——.-.

5,,511 2. 19. 40. 209. 403. 548. 600. aleator 33.

672. 681. 5115555 1. 11. 28. 47. 325. 455. 675.

5116515341. aliquia 94. 171. 327.

abesse 12. 476. 635673. 5111518.

abire 181. 51155 2. 28. 115. 150. 216. 425. 497.

⁰ abscondere 387. 537. 563. 603. 672.

absolvero 257. · allevare *495

55556515 (141). 5115 667.

55516515 199. 511512. 50. (83). 217. 231. 297. 372.

accipere 48. 55. 119. 172. 251. 399. 543.

444. 479. 493. 499. (503). 573. altercari 416.

accommodare 52. ’ 5111515 ,6. 8. 13. 15, 16. 19. 22. 29.

55555515 264. 672. 692. 37. 38. 39. 108. 117. 393. 533. 556.

5551252. 331. 575.

55511155 11. 360. 396. 568. 51115155 144.

56 7. 17. 32. 74. 93. 101. 133180. 515155510.42.90. 120. 245.261.474.

185. 273. 287. 325. 354. 426. 461473. 524. 540. 576. 658, (662). (670). 671.
, adcommodare 57. 5111111515 138. 215. 293. 339. 416. 449.

56655515 434. . 522.

565555 552. ’ 51551 5, 18. 31. 34. 37. 40. 43. 247.

56115515 321, 269. 274. 433. 534. 653.

adiuvare 394. amplus 397.

admittere 601, 55 42. 652.

adparere 125. angustia (690).

adnleseentia 185. 569. anima 181.

5615155586. 208. 491. 608. 657. 55111155 3. 5. 27. 36. 41. 43. 53. 57.

aeger 89. 382. 59. 73. 100. 115,143.196.197.227.

aegre 449. 282. 284. 287. 341. 369. 378. 437.

aequanimitas 342. 441. 443. 456. 481. 563. 596. 679.
. aeque 451. *683

aequus 8. 161. 441. 551155 609.

555 11. 51115 adv. = antea 163. 371. 499.

55155 24. 514. 590. 633. antequam 313.

afferre 346. 632. 51155 30. ,

agere 115. 332. 377. 523. “ aperire 42.

agitare 39. *400 aperte 20.

1116155111 verborum oonieoit Ioannes 815 , seminarii philologici Tustooneie 5565115.
stellulae 1515511111 numeria praepositae eigniioant verba non in 5561511155 55111115, 556
ex 5551551515 reposita 5555; lunulae ( ) 1515115 spurios denotant.

 

