rnnnx russonum. 157

mmmmmmmmmmmmmmmwmm
mmmmm. mmmmmmm

. femine 130. 187. 324. 214. 223. 245. 278. 288. 298. 318.

151115 85.· 341. 355. 381. 412. 437. 446. 456.
15115 8. 10. 176. 188. 190. 216. 222. 492. 517. 522. 559. 628. 647. (669).
246. 265, 280. 284. 370. 434. 587. 1151111515 184.

, 589. 606. 645. 671. 11515111151498.

15115111 267, 115151 221. 222. 323. 332, 626.
61155 148. 161. 166. 179. 181. 182. 1155 203. 205. 209. 211. 212, (213).
320, 597. 637 679. *227.

. fidus 323, 1115 245.

fieri 56. 79. 94. 131. (141). 144. 153. homo 11. 54. 62. 126. 153.192.195.

1 160. 164. 178. 245. 277, 297. 303. 204. 206. 210. 215. 216. 218. 220.

lmmmfflmmmmmmmmmm

. 582. 564. 615. 618. *622. 636. 585. 622. 627. 629. 682.

filius 450. honestes 361.
fingo 429. honeste 219. 224. 361. [4791. 653.
6111143. 437. 460. 1151151151 207. 217. 226.
firmus 4. ‘honos 226.
ἢ 65511515 302. 1151549. 609, (662).
) flectere 228. 494. 1151111161. 251. 621655.
flere 130. 434. 11515551151 225.
fletus 221. 488. humilis 4. 255. 667. (669).
flumen (582). .
151515 269.
formidare 639. 1551115 252.
formonsus 169. 1115515266.
1511115151 164. 1111289. 291. 637.
151111 99. 109. 246. 464. 655. 11155131. 527.
9511555153218295612. 15511267. 307. 389.
1ο111155167.168.171.173. 183189. ignominia 94. 292.
191. 192. 299. 315. 320. 352. 384. ignominiose 442.
411. 496. 550. 571. 589. 597. 641, ignorantia (.663)
frangero 114. 171. 189. 494. ignoscere 258 350. 535. 1592. 658.
11551 172. , , 1555151 596.
frenum (665). 1115 260 321. 472.
11555 (666) 11115 659.
1155151 29. imitari 61. 400 644.
frugalitas 193. immature 420.
frustra 170. 185. 418. 427. ’582 impedimentum 691.
‘ frux 228. imperare 41. 73. 88. 93. 339. 378.
155515 47. 144. 174. 272 382. 527. 441. 477. 579. 649. ,
567. 1515511551 56. 201. 339. 599.
fulmen 184. *582 ’ 1155511515 403.
futurum 177. 548. imponere (665).
15151 178. ‹ improbare 361.
improbitas 394. 485. 615.
galea 638. improbus 101. 224. 357. 387. 478.

¹ gaudere 646, 528. 536.

1 gandium 81. 268. 440. imprudens 271.

gerere 320. 1515561551 ’640

515115 94. 203. 538. 681. imus 548.

5151151 431. 15 33. 40. 47. 64. 69. (84). 86. 91.
. 515115 91. 164. 459. 104. 130, 136. 149. 161. (200). 206.

gratus 44. 134. 191. 610. *658 208. 211. 216. 234. 237. 242. 244. -

gravis 143. 194. 195. 196. 197. 198. 247, 253. 254 256. 259. 267. 268.
(200). 201. 202. 227. 439. 638. (666.) 269. 274. 276. 277. 283. 324. 369.
graviter 53. (102) 199. 667. (685). 376. 417. 430. 435. 439. 459. 465.

 

