156 merx 55555555.

655555 80. 137. 220, ’467 *480 638650. 651, 652. 655. 657. (659).
dormire 67. 673. (660). (663). (666). 668. (669). 674.
65611555 523. 528. 675, (676). 677. 678. 680. 081. 682.
655155 197. 259. 593. · 683. 684. 686. 688, 691.
655555 379. 423. 51 22. 151. 156. 268. 296. 298. 397.
651515 56. 144. 276. 440. 630. 464. 635. 671. 685. 688.
dum 134. etiem 85. 84. 116.144.147.148. 149.
duplex (141). 152. 159. 161. (166). 202. 228. 244.
‹lurus (660). 256. 262. 267. 293. 301. 345. 452.
655136. 486. 492. 552. 557. 610. (669).
5151 ’347

ebrius 12. evenire 1. 507.
. effugere 154. 433, 656. evitare 607.

egere 286. 407. 5, 55 150. 153. 164. 275. 493. 610.
egestas 460, 630. (661). *684
eheu 160. 555511555 162. “
elabi 18. 55516555 70. 629.
elidere (689). 55555555 562.
eligere 36. · excusatio 279.
eloquens 505. excutere 576.
emendare 150. exsilium 158.
emori 50. exire 232.
5515555 157. 352. 409. 455. 536. 604. exitium 288.
555555 57. exemere 550.
5555 1, 6. 7. 8. 11. 14. 20. 21, 20, 55556155 152.
33. 35. 37, 44. 45. 47. 48, 49. 50, 55555151210.
54. 59. 60. 61. 62. 63, 68. 73. 75. 555115555110.
76. (83). (84). 86. 87. 96. (102). 103, 5555551555 2. 90, 539.

· 106. 107. 109. 115. 116. 118. 123. 55155 204.

124. 125, 128. 132. 134. 135136, 551555555 489.

143. 145. 149. 152. 153. 154. 155. extinguere 64. 63. 288. 668.

160. 161. 169. 171, 172. 175. 183. extorquere 18.

184. 185, 186. 187. 189. 193194. 55155555163. ’

195. 196. 198. (200). 201. 202. 203. 55515551155.

204. 205. 206, 207. 209. 211, (213).

217.- 218. 220. 221. 222. 225. 227.

231. 234. 237. 239. 241. 244. 247, faeere 2.4. 10. 23. 30. 31. 43. 89.
250. 252. 254. 255. 256. 258. 259. 98. 156 163. 173. 191. 252. 264. 280.
261. 270. 276. 276. 279. 282. 283. 285. 310. 311. 331. 332. 336. 387.
289. 290. 292. 294. 295296. 300. 407. 414. 432. 460. 464. 477. 481.
302. 306. 311. 312. 313. 314. 315. 496 528. 541. 543. 546. 574. 612.
316. 317. 319. 322. 325. 327. 329. 617. 626. 640. 643. 651. 664.

342. 343. 345. 349. 353. (358), (359). 155155 169.

362. 365. 367. 370. 372. 373. 374. 155115 21. 162. 245. 265. 277. 280.
376. 377. 381. 384. 388. 389. 390. 395. 408, 429. 435. 449. 515. 664.
396. 397. 401. 404. 411. 413. 415. 1551115188412.

430. 431. 432. 439, 442. 444. 450. 155111155 180. *278 412.

451. 452. 454. 458. 462, 463. 466. sueinus 174. 262.

467. 469. 470, 471. 472. 473. 475. laetum 196. 271.

476. 480. 482. 483. 486. 490. 492. 15555655104.

497. 498. 504. 505. 511. 517, 518. 1511555 (84).

519. 522. 525. 526, 532. 537, 543. 151555186.

546. 548. 549. 551. 555, 557. 560. 1555569. 135. 266. 498. 520.

562. 565. 569. 572. 573. 576.Ι 677. 151551 174.

578. 581. 582. (583). 585. 586. 588. 151555 629.

593. 594. 597. 600. 603. 604. 606. 155555605.

608, 610. 611. 616. 621. 623, 624, 155 39.

625. 627. 630. 631. 635. 636. 637. felicitas 475. 491.

 

