154'

appellare 136.

11111111 105.

apud 292.

arbitrium 5. 50. 372.

ardere 39. ·

1111166. 587.

arridere 436.

111 33.

11111111 198.

aspicere 9. 47, 649.

assidue 482.

assuescere 165.

astus *24.

1111111111 269.

11111111 259.

1111111499, 687.

audire (83). 417. 427.

auferre 514. 581. 609. 648.
auris 133. 265412.

aut 117382.

aut ... aut 6. 80. 246. 422. 665.
auxilium 4. 144. 208. 526. 604.
11111111 236.

avarus 14. 21. 23. 25. 26. 122. 234.
386. 613. 628.

avidus 35.

beatus 591. 616.

61111469.

bellum 125465.

6111111533. ⁷
6111 67. 70. 81. 82. (83). 253. 610.
546. 622. *664.

6111111111 112.

611111111146. 48. 61. 55. 58. 60. 235.
270. 444. 469. 493 (582). 624.
benignitas 691.

benignus 65.

benivolus 59437. 586.

61144. 50. 62. 54. 66. 235. 283.
blandiri 167. 506.

blanditia 56. 648.

6111611214.

6111111161. (141). 334.

61111145. 47. 49. 53. 54. 57. 62. 63.
68. 69. 72. 73. 74. 76. 77. (84). 112.
165. 193. 207. 234. 316. 317. 346.
354. 366. 368. 371. 376. 384, 400.
{sofan 630. 553. 643. 651. (664).
611111 75. 79. 438.

61111111 249. 695.

cado 101. 303. (389). 667. 687.
caecus 115.

1111111111 17, 42. 175, 241. 342. 348.

356. 402. 439. 486. 497. (603). 515.
calamitosus 206, 256.

monn 1111111111.

11111 267.

111111 21.

capillus 159.
1111111 167. *555
111111 116. 316.
1111111(676). (690).
11111111 (676).
carus 131. 572.
cassus 171.

111111 93.
casus 162. 405. 549. 649.

· causa 1434. 66. 207. 274. 312. 316.

336. 365. 386. 622.

11111187. 111, 116. 120. 563. 674,
cedere 398. 402.

111111 24, 418. 512. 541.

celeritas (141), 149. 254.

celeriter 125, 235. 333. 480.
1111111268.

11111111 225.

cinaedus 24.

1111 32. 74. 92. 94. 101. 137. 168.
295. 363. 3801445. 507. 610. 545.
650. 656.

11111 90. 367. 621.

clementia 357. 500.

11111111644.

cogere 108. 147. 314. 519. 615. ,
cogitare 66. 70. 127. 216. 335. 347.
369. (400). 413. 457. 472. 508. 509.
587. 632.

cogitatio 151. 349.

1111111159.

111111664.

comes 104. 270.

commendare 556.

commendatio 169.

commodare 208. 220.

communis 677.

comparare 77. *658

compescere 357.

complures (658).

111111 509.

concedere 22. (392). 530.
1111111111(*389). ,

111111111 670.

1111111111 131. 289. 298.
concupiscentia ⁸665.

condicio 134.

condimentum 343.

coniugium 481.

coniuratio 59.

conscientia 100118. 227. 443. 683.
1111111114.

111111111196. 110. 136. 161. 192, 229.
262. 324. 354, 362. 527. 549. 554·
593. 594. 625. 629. 657.
1111111111 367.

 

