163 111111 vernoun.

190, 191, 194, 196, 19813001306, regum 374, (676)*Ι
306, 308, 309, 311, 319, 333, 338, 161ω16*496,
339, 343, 331, 338, ese. 361. 364. relicuus 166.
370, 371, 386, 393, 396, 300, 303. relinquere 106,
306. 310, 313, 314, 313. 316, 331, 1ᾱ1161111111196, 330, 394, 433, 683667,
333, 336. 330. 333, 333, 336, 338, remotus 366.
340, 348, 331, 1363, (3391363, 366, renovare 560.
370, 373, 373, 381, 384, 388, 391. reperire 1681663).
393 398. 403, 406, 408, 409. 413. repetere 186.
414, 413, 418, 430, 431, 434, 430. reposcere 393.
433, 444, 447, 431, 433, 433, 463. reprendere 83.*316,
463, 4467, 469, 473, 476, 477, 487. reprimere 440,
489, 493, 494, 499, 300, (303), 303. requirere 313,
306, 307. 308. 311, 313, 314, 316, 16643. 86. 113. 369, 383, 381, 434.
317, 318, 319, 330· 331, 333, 333, 4383701178, 613.
334. 336, 337, 338, 339, 331, 633. rescire 330.
333, 334. 333, 337, 339, 340, 341, respicere 344. 380.
343, 343, 344 346, 333, 363, 334, restituere 330.
363. 636, 337, 638. 363, 364, 363, retinere 168, 333.
367. 368. 373, 673, 674, 388, 393, 16111371.
601, 603, 606. 609. 613, 614. 816, rex 377.
’ 833, 638, 638, 634, 636, 643, 648, 1111616148.
649. (663), 664. (666). 871, 873, 673, rime 380.
874, 677. 684, 693. ‘ 1111116331336.
quicumque 199, 376, 486, 313. 513. 11161689).
quilibet 17, 494, rivalis 619,
quir, quae, quid 13, 38. 1631183400. rivalitas 373,
480, 669, 668, rogare 133, 170, 333, 639. 379, (683),
quir, que, quid = aliquis ete. 130, rosa 610.
*636 1876, 1111161378.
quiequam, quidquam *1111111433 1111116380.
Ἰ11111116116666, rumor 17. 193, 317.
⁶ ’ ’ ’ 3
(11661ηὲ16,6141111116,9’11(11.32111,866 saepe 1ο, 113, 131, 116, 161. 111.
680. 636, 638. 648. 650, 661, 681, 338, 376. 667, *393
⁴618. 630, saepius 1781666).
quivis 98. 119, 613. 6111116433. 386. 833, 636.
quo adv. 600, 363, salvus 319, 677.
quoed ⁸501. seuere 31,
quedammodo 490, (6831, sanetus 688. 837,
quoi = eui 1636. 1876. sanguis 376.
quotiens 313, 319, sapere 16, 33, 117 . 300, 4064371106,
. sepiens 33, 41, 160, 437. 438, (⁸464).
repere 88, 137. 180, 1637, 673, 681. 687. 689. 696, 607. 663, 664, 674.
1616 (603), ψ supientia 139, 383, 311, 690. 637.
161111 318. 673, sat 834,
ratio 668, eatis 606. 616. 678, 684.
166661116448. 16116 3 16, 61, 339, (369), 375, 411.
recipere 61, 340. (666). 436, 483, 669.
16616 38. 98. 148, 387, 474. 66116616 333.
rectus 501„ secretum 369.
reddere 61. 60, 173, 673, 809, 676. secundus 308. 697, 600.
redimere 19. ¹ sed 79. 137, 348, 311, 319, 373. 391.
1611116 91, 181. 373, 469, 398, 683,
referre 364, 843. seditio 831.
16116616 389. ” 6611161113.133183303630,Ἱ
regere 187, 381, *674Ι semper [73]. 88, 97, 1633117368.

regimen 468. 374. 376, 389, 330. 337, (369), 377.

 

