INDEX VERBORUM.

pectus 40 (200), praesidium 77, 376,
ρ116111111162.73.468,666. praestere148.
peior, pessimus 45. 234. 317. 368, praeterire 238. 378.
447, 467, precari 410.
1161111369,ο premere 661.
por 427 472 prex100. 287.
pervicax (686), primum ado. 586.
percutere (102), primus *604 (662),
perdcre9. 71. 81 166 1731824116. prior 123. 242, 290,
460. 467. 479. 676, 612, 676, 678, prius (1111111396,
perennis 481. pro 104, 118. 207. 423. 463. 486. 498.
perfacile 477. · 505. 593. 624, 627, 636.
perferre 188. 190. probare 120, 680..
perfugere 473. probus 195. 224, 460. 468493, 636.
periclum 76. *92, *116 *326,· *323 prodesse 98. 190, 461, 629. 670.
*366 *383 ,*447 *462 *483 *493 proelium 638.
*626 profundus (663).
perire 66. 81. 140, 327 346, (380), properare 32, *461, 470.
482, 516. 644. proprius 69. 379.
pernicies 101, prospicere 466,
perpes *411 prudens 492. 667.
perpetuo ⁸500. psallere (669),
persolvere (676), publicus 476.
persone 221, pudere 268, 432.
pertinax 419. pudicus 36
pervenire 426. 609. 613. · pudor 463. 466, 469, 490. 494, 686,
petere 46, 308. 416, 469. 663, 681. 637.
595. ³ pugnare 177.
placere 28, 326. 340. 361, 408. pulcher 442.
plue, plurimus 61. 269, 496, 628, 666. putare 80. 205. 246, 262, 330, 474.
662,(689). 601,664,684,691.
plus ado. 28, 106, 192, 269. 464, 462.
p.551 684 696 (670), quecumque 290.
poene 38, 196. 376, 401, 464. 461. quaerere 222. 274, 418, 470, 483. 616.
462, 478, 496, 603. 632. 683, 616. 682, 626.
ponere 5. 136. 444. 614, 626. quaestus 381.
populus 112. 291, 471. quam interr. 67. 160. 203, 206. 209.
poscere 409. 211 212, (213) 419 604 617, 618.
posse9 82.119,144,170,172,176, 619. 622, 626 643 646, 647 649.
p209. 246, 246, 297, 307 347, 362, 666. 660. 662. “
370, 379, 384, 397. 433. 461, 463. quam relat. 126 96 (102).106,143.
602, 604. 616, 627. 629, 663. 662. q168. 192. 222. 266, 269, 280, 322.
573. 684, 616, 620, 648. 667, 668, 323. 371. 381, 386. 393. 396. 396.
672 401, *426 432. 436. 439, 464. 462.
possidere 112, 661. 479, 496499. 607. 643. 661, 679. 684.
post praep. 497 606 628, 638. 641, 660. (662). (670).
post :r postea 196. 271 (*366), quemvis 255. 601, 668.
postea 111. quaudo (659).
posterior 103, 123, quanto (. . . . 111110) 33, 661, 678.
ρο1ο(111111)*18,*93*179. *291, *347 quasi 674,
,*406, *491 *616, *627 *634 *641 queri 39. 384, 646, 557. 608.
1552, questus 153.
potens 277. 356. 476, 483. qui, queo, 11110112. 3. 12. 16. 31, 32.
potestas 184 44. 46, 51. 54. 66, 58. 63, 64, 66.
potius 26 67, 72, 76. 82, 88. 90. 97. 98. 105.
praeiudicium 194 106, 109, 111, 112. 113. 119, 129.
praemium122.197.138.144.152 166168 161.
mmmm ΜΜΜΜΜΜΜ

Pssumus sruur. 11

 

