Μ’ .1mwmffln

466. 470. 491. 523. 542. 593. 597. 11111111238.645.

625. 626. 638. 642. 657. 1111111232. 391, 564. 581.

incendium 611, 11111111 313.

11111111 282. 11111611239. 275.

11116111642. ipse 14. 75. 79. 285. 399. 415. 464, p

incipere 111. 561. 473. 512. 545. 557. 601. 615. 618. l

incitare 232. ’672 i

incurrere 212. 656. ira 37. 1

indicare 24. 272. 488. iracundia 19. 74. 75. 95. 184. 195. ¹

lndigere 328. 247. 251. (305). 570. 580. ’

indignatio 346. irasci 53, 108. 113, 204. 248. 273. ¹

indignus 233. 292. 410. 620. (685).

11611111 ‘llo · iratus 13. 157. 249. 262, 273. 281. ’

inertia 272. 279. ’ 304. 466. 483. 584.

1111111133139ἒό 1s4‚2 41144ιὲ1 Ξξξ. 209, 242. 286. *366 j

ιιι aus . . . . ⁸ . ¹

infelicitas 401, . ita 245. 261. 382. (690)

infelix 377. 401. item 21. ’

11111111230. 473. 1111 290.

ingenuitas 107. 233. 240. iterum 264. 303.

ingennus 11. 99. 284, iubere 210. 296.

ingratus 126. 243. 270. 309. 518. 1161171. 257. 614. 639.

ffiffihn ‘· fflffiffiffiffiffi

inimice 248. iusiurandum 38. 513.

1151111191. 127. (200). 231, 245. 249. 111111 344, 465. *501 ⁸511.

255. 261. 275. 287. 288, 294. 316. 111111129360.

510. 605. 658. 671. 678.

initium *390 11511272. 279. 617. 646.

iniuria 156. 250, 256, 265. 277. 280. lacrima 19. 40. 114. 288. 343. (358).

285. 310. 334. 462. 591615. 622. 488. 659.

645. 651. 680. 1116111 12. 53. 178. 1902092113.

1111111146. , 294. 391.

innocens 147. 253. 299. 410. 423. 1111111101, (666).

505. 571. 614, 639. lapsus 303.

innocentia 602. 11111111 298.

111111111131. late 266. 307. l

11111235. 111111 198. (200). 306. 435. 447.

inprobe 264, laudare 545. 556. (669).

inprobitas 175. laus 293. 298. 397. 617.

inpudens *107. laxare (495).

inpune 242, 111111 422.

11111111 (241). 334. 111111 539. 613. 618

insectari 623. 11111 295.

insidiae 414. 488. 542, 1111111 300.

111111111237. 1111111202. 692.

instrumentum 353. 1111296299. 304. ()305. 306. 399.

integratio 37. *411111611611

intellegere 406. 480, 642. libenter 385.

intemperans 89. 115111687.

111116111152.278.((392).1111111148687.

interesse 65211511111450.

interimere 66. 115161 300. 301

interpretari 331. 11111111 308.

· mmmmmmmmmmffi l
515. 545. 590. limen 533.
1111611246. 248. 263. lingua 100. 142. 308. 665.
1111611111578. 111 164.

 

